win_size: [1000,1000]

body:
  pos: [0,0,0]
  vel: [0,0,0]
  mass: 100000
  color: 0xFF00FF
body:
  pos: [0,0,0.2]
  vel: [0.00277667724561,0,0]
  mass: 100
  color: 0x00FF00
body:
  pos: [0,0,-0.4]
  vel: [-0.00277667724561,0,0]
  mass: 100
  color: 0x0000FF
