win_size: [1000,1000]

body:
  pos: [0,0,0]
  vel: [0,0,0]
  mass: 100000
body:
  pos: [0,0.2,0]
  vel: [0.00277667724561,0,0]
  mass: 100
body:
  pos: [0,-0.4,0]
  vel: [-0.00277667724561,0,0]
  mass: 100
